 16        2.4541781230        0.4176218942
 17        2.1689666587        0.0972962494
 18        2.2843311114        0.0145740901
 19        2.2516495572        0.0292470274
 20        2.3205181614        0.0501847999
 21        2.2757264956        0.0072978577
 22        2.2719680334        0.0193319089
 23        2.2651333864        0.0138572324
 24        2.3101246942        0.0119225878
 25        2.2345817356        0.0595011476
 26        2.2478964750        0.0386932217
 27        2.3076139753        0.0031936371
 28        2.2442552610        0.0297759519
 29        2.0059144757        0.0280299432
