 16        2.5170765935        0.5070213344
 17        2.1690460992        0.1106940416
 18        2.2965557648        0.0019976781
 19        2.2626814324        0.0232802487
 20        2.3340183012        0.0613518770
 21        2.2765254961        0.0030510634
 22        2.2722640440        0.0285331688
 23        2.2556282656        0.0284357827
 24        2.3285194663        0.0260865740
 25        2.2366601056        0.0645294971
 26        2.2492947235        0.0408075342
 27        2.3203524664        0.0152383127
 28        2.2617797480        0.0175799181
 29        2.0203755356        0.0064035363
