 16        2.3996899460        0.3849155926
 17        2.1969661242        0.0917278431
 18        2.2998033078        0.0044817632
 19        2.2793103229        0.0136938134
 20        2.3435247965        0.0638491114
 21        2.2708496237        0.0062265224
 22        2.2720643024        0.0354042329
 23        2.2556484117        0.0354101694
 24        2.3375258094        0.0333196314
 25        2.2662159739        0.0370626159
 26        2.2591813714        0.0310253597
 27        2.3315982237        0.0260486522
 28        2.2858126329        0.0064492877
 29        1.9910167004        0.0500420774
